                -79.0872344322
          0.000000165       0.000000000      -0.000000000
         -0.000000000       0.000000168       0.000000000
         -0.000000000       0.000000000      -0.000000040
          12
  1     6      -0.000157644       0.000049858       0.000000000  C
  2     1       0.000006430      -0.000114342       0.000000000  H
  1     6       0.000000001      -0.000153065       0.000000000  C
  2     1       0.000000001      -0.000097197       0.000000000  H
  1     6       0.000157642       0.000049871       0.000000000  C
  2     1      -0.000006428      -0.000114346      -0.000000000  H
  1     6       0.000157638      -0.000049872       0.000000000  C
  2     1      -0.000006425       0.000114349      -0.000000000  H
  1     6       0.000000006       0.000153074      -0.000000000  C
  2     1       0.000000001       0.000097198       0.000000000  H
  1     6      -0.000157643      -0.000049867      -0.000000000  C
  2     1       0.000006429       0.000114345      -0.000000000  H
