                -79.0872329629
          0.000000151      -0.000000000       0.000000000
         -0.000000000       0.000000193      -0.000000000
         -0.000000000       0.000000000      -0.000000041
          12
  1     6      -0.000179171       0.000041338       0.000000000  C
  2     1      -0.000093092      -0.000098108      -0.000000000  H
  1     6       0.000000000      -0.000147638       0.000000000  C
  2     1       0.000000000      -0.000146330      -0.000000000  H
  1     6       0.000179171       0.000041338       0.000000000  C
  2     1       0.000093092      -0.000098108      -0.000000000  H
  1     6       0.000179171      -0.000041338       0.000000000  C
  2     1       0.000093092       0.000098108      -0.000000000  H
  1     6      -0.000000000       0.000147638       0.000000000  C
  2     1      -0.000000000       0.000146330      -0.000000000  H
  1     6      -0.000179171      -0.000041338       0.000000000  C
  2     1      -0.000093092       0.000098109      -0.000000000  H
