                -67.5844428861
          0.000000235      -0.000000122      -0.000000122
         -0.000000122       0.000000235      -0.000000122
         -0.000000122      -0.000000122       0.000000235
           8
  1    14      -0.000019365      -0.000019365      -0.000019365  Si
  1    14      -0.000024803       0.000018179       0.000018179  Si
  1    14       0.000018179      -0.000024803       0.000018179  Si
  1    14       0.000018179       0.000018179      -0.000024803  Si
  1    14      -0.000024637      -0.000024637      -0.000024637  Si
  1    14      -0.000023569       0.000018182       0.000018183  Si
  1    14       0.000018182      -0.000023569       0.000018182  Si
  1    14       0.000018182       0.000018182      -0.000023569  Si
