    18
     1   -0.203140   -0.203140   -0.000003       0.037037
     2   -0.000001   -0.203139   -0.000001       0.037037
     3    0.203137   -0.203137    0.000000       0.037037
     4   -0.203139   -0.000001   -0.000001       0.037037
     5    0.000000    0.000000    0.000000       0.037037
     6    0.203139    0.000001    0.000001       0.037037
     7   -0.203137    0.203137   -0.000000       0.037037
     8    0.000001    0.203139    0.000001       0.037037
     9    0.203140    0.203140    0.000003       0.037037
    10   -0.203139   -0.203139    0.203136       0.074074
    11    0.000000   -0.203137    0.203137       0.074074
    12    0.203139   -0.203136    0.203139       0.074074
    13   -0.203137    0.000000    0.203137       0.074074
    14    0.000001    0.000001    0.203139       0.074074
    15    0.203140    0.000003    0.203140       0.074074
    16   -0.203136    0.203139    0.203139       0.074074
    17    0.000003    0.203140    0.203140       0.074074
    18    0.203142    0.203142    0.203142       0.074074
